Observation from 2026100316 to 2026100416
 PC    0.08    0.08    0.08    0.08    0.08    0.08    0.08    0.08    0.08    0.08    0.08    0.08    0.08    0.08    0.08    0.08    0.08    0.08    0.08    0.08    0.08    0.08    0.08    0.08    0.08
 
 TM    0.08    0.08    0.08    0.08    0.08    0.08    0.08    0.08    0.08    0.08    0.08    0.08    0.08    0.08    0.08    0.08    0.08    0.08    0.08    0.08    0.08    0.08    0.08    0.08    0.08
 
 KO    0.10    0.10    0.10    0.10    0.10    0.10    0.10    0.10    0.10    0.10    0.10    0.10    0.10    0.10    0.10    0.10    0.10    0.10    0.10    0.10    0.10    0.10    0.10    0.10    0.10
 
YNF    0.11    0.11    0.11    0.11    0.11    0.11    0.11    0.11    0.11    0.11    0.11    0.11    0.11    0.11    0.11    0.11    0.11    0.11    0.11    0.11    0.11    0.11    0.11    0.11    0.11
 
TMT    0.11    0.11    0.11    0.11    0.11    0.11    0.11    0.11    0.11    0.11    0.11    0.11    0.11    0.11    0.11    0.11    0.11    0.11    0.11    0.11    0.11    0.11    0.11    0.12    0.11
 
STK    0.10    0.10    0.10    0.10    0.10    0.10    0.10    0.10    0.10    0.10    0.10    0.10    0.10    0.10    0.10    0.10    0.10    0.10    0.10    0.10    0.10    0.10    0.10    0.10    0.10
 
 KT    0.12    0.12    0.12    0.12    0.12    0.12    0.12    0.12    0.12    0.12    0.12    0.12    0.12    0.13    0.13    0.13    0.12    0.12    0.12    0.12    0.12    0.12    0.13    0.12    0.12
 
SWH    0.08    0.08    0.08    0.08    0.08    0.08    0.08    0.08    0.08    0.08    0.08    0.08    0.08    0.09    0.09    0.08    0.08    0.08    0.08    0.08    0.08    0.08    0.08    0.08    0.08
 
 KP    0.14    0.14    0.14    0.14    0.14    0.14    0.14    0.14    0.14    0.14    0.14    0.14    0.14    0.14    0.15    0.14    0.14    0.14    0.14    0.14    0.14    0.14    0.14    0.14    0.14
 
TBT    0.13    0.13    0.13    0.13    0.13    0.13    0.13    0.13    0.13    0.13    0.13    0.13    0.13    0.13    0.13    0.13    0.13    0.13    0.13    0.13    0.13    0.13    0.13    0.13    0.13
 
 CD    0.13    0.13    0.13    0.13    0.13    0.13    0.13    0.12    0.13    0.13    0.13    0.13    0.13    0.13    0.13    0.13    0.13    0.13    0.13    0.13    0.13    0.13    0.13    0.13    0.13
 
GFS    0.15    0.15    0.15    0.15    0.15    0.15    0.15    0.15    0.15    0.15    0.15    0.15    0.15    0.15    0.15    0.15    0.15    0.15    0.15    0.15    0.15    0.15    0.15    0.15    0.15
 
